0.0
0.0
0.664
0.0
1.0
0.598
0.0
2.0
0.64
0.0
3.0
0.631
0.0
0.0
0.664
0.0
1.0
0.598
0.0
2.0
0.64
0.0
3.0
0.631
0.0
0.0
0.664
0.0
1.0
0.598
0.0
2.0
0.64
0.0
3.0
0.631
0.0
0.0
0.664
0.0
1.0
0.598
0.0
2.0
0.64
0.0
3.0
0.631
0.0
0.664
0.0
1.0
0.598
0.0
2.0
0.64
0.0
3.0
0.631
0.0
0.0
1.0
0.598
0.0
2.0
0.64
0.0
3.0
0.631
0.0
0.0
1.0
2.0
3.0
0.0
1.0
2.0
3.0
0.0
0.0
1.0
2.0
3.0
0.0
1.0
2.0
3.0
0.0
0.0
0.0
0.0
0.0
0.0
1.0
2.0
3.0
0.0
0.0
1.0
2.0
3.0
0.0
1.0
2.0
3.0
0.0
1.0
2.0
3.0
0.0
1.0
2.0
3.0
0.0
1.0
2.0
3.0
0.0
1.0
2.0
3.0
0.0
0.0
0.0
1.0
2.0
3.0
0.0
1.0
2.0
3.0
0.0
1.0
2.0
3.0
0.0
1.0
2.0
3.0
0.0
1.0
2.0
3.0
0.0
1.0
2.0
3.0
0.0
0.0
1.0
2.0
3.0
0.0
1.0
2.0
3.0
0.0
0.0
0.0
5001.0
0.0
5001.0
0.0
5001.0
0.0
5001.0
0.0
5001.0
0.0
5001.0
0.0
0
0
0
0
0.0
0.0
0.0
0.0
0.0
0.0
0.0
1.0
2.0
3.0
0
0
0
0
0
1
2
3
